

583
553













500








259
1039

1339
1389






219


669

999


299

1099


















999






























1879






2339

3199





























































3499
929
739
699




1219


























239




























559
799





929
1439
929
1439










619
919























































199




















129


699

1099

1219

79
639















239









3079
319
























0

































389






239











339
379
1018



169



979
1499
979
1499



519
769

569


419
459
679











199

199

199
199
199
199
199



199






219

239




259



































239






0




939
1499
919
1439













379















959
1429
499
1019




279
959
1339
379
500

1149
1679



1079
1599
959
1499







489
729
449
729


579
909


559

799

279


189
659
989


299


500
319



689
999

659
989

















143
143
143
143







3399

679

1049










1349

849
589

489
729

589
849

849
589

79


779
979
1489
779
1149

















239











389










189











759

1269
























299







569
569

569





529
529

529

539
539
539



489
489
489
539
539
539

489
489

489

499
499




489
489
489


















339

299



129



























































529
719

719





























369
500


0










































































119
119
119
119


































229


369
429
459

589
469


399
529







619
459

589
583

459




459
207

529


579
459
459
449
207
439

339
399






469


529

319



599



449

339
429
207
207
169
169




619
459
599
619


589
399
599










































































69











679

1099
759
1299
379


500




349












739



1019









329

359
379

519

439


379
499








569
379

529
553

379




379
183

499


519
379
379
359
183
419

329
379






439


499

269



519




429



319
359
183
183
139
139



569
379
519
569


529
379
569





















119
119
119
119







719
1019
619
919




0




















299



























69




















































0

0

219
929
519
























659
989


299



500
319







689
999
659
989




669








1599

1599









939
1469





879
1399
799
1339
169


389
389





500
500



















569


569
569




























































































0

0












559
799





519
500
299



500

619
869



619
919



























659
989
299

500



319






689
999
659
989




































289

399







119
119
119
119






299
299
299

449

369


329
429







479
299

459
483


299




299
149

429


299

299
299
149

169
329






369


429

229



469




349



169
299
149
149
100
100




479
299
469
479


483
459
329
479










469


299
299
299
299
469
469















1459
959
959
1459
389
389




500
500
489
749


799
1299
759
1279
79
799
1349
749


1099




0




















0








































































0







399
929


939
1499
939
1499



























169
























4299


219






0


















129











236
236

236
236
199
199




500

