











1039
1389






299



669






219







































1879






















































3499

739








929
929
699










































619


559


589






























299

659



659

319





689








299

319

659
689


659


659

659


689






319









0


0

699



639

169

169
169
























1599

1599












379
259

259



319
























239

































199




















































219
519





569
569
569












469
469
469







0


219










389

389











529
529
719
719
















































959

279

959


379
499





1079
1149


959













299
299





























199
199

199
199
199
199
199
199




189
229



69




3199

3079

4299

3399



679

















579

519
289























583





583



















































0
0





369
589
339
399
399
339
399

169







169



469


589
439
459
459

459

459
459

429
429
619
599
619
469


529



529

529





207
449

459
599
589
599
319

459





207
119
449
119

207
119

207

119



299
339
379






129

































569
569
569








499


499

489
489
489

529
529
529











489
489
489

539
539
539
539
539
539
489
489
489


399








0











299
569
619
479













































































299
299
299









553





553









































679
759










489

719

759

779

929


979
799

959


379











449
579


619

129
129
739

779

749











939
939


939

979
979
919














































329

529
329
379
379
319
379

139







139



439

529
419
379
379

379


379
379
359
359
569
569
569
439

499




499


499





183
429

379
519
519
519
269

379





183
119
359
119

183
119

183

119



279


239

239
219

239
239











559








589



















483




483










































349






339









299

459
169
329
329
169
329

100








100



369

459

399
299
299

299


299
299


299
299
479
479
479
369

429

429







429








149
349









299
469
449
469
229

299





149
119
299
119

149
119

149

119



























0


















419
459

489


669





















879
939
799














































69
0
0

0






























0






759

929

799
959


369




































79































79











79

189





519
619
299
559


589



299





































































































































1489






239


199

199



236




236
143
143
236

143


236

143

1339
999
999
1099
2339
1219

919
799
849




989
989

999


989
999
989
989
989
999



1219
1099




1679

1429

1339
500
1019

1599

1499
1049
1018

929
1099
1279

729
1019
1299
1349
1439
1459
1349

729
919
919

500
500
500
500

500
500
500
500
500
500
500
500
1019
1149

1099





1499
1499


1499

1499
1499
1439


799
909
849


569


679
729
1469


1399

1339





1269
1439
1299
1459

919

799
849

769
869
749














0



500




519
619
489

389
389
389
389



















