











899
1389






299



398






219







































1629






















































3069

739








799
799
649










































469


449


499






























199

499



499

319





559








199

319

499
559


499


499

499


559






319









0


10

649



479

169

169
169
























1200

1200












309
159

159



199
























239

































169




















































179
479





459
459
459












399
399
399







0


219










319

319











439
439
519
519
















































819

199
769
869


339
419





989
1049


919













299
299





























169
169

169
169
169
169
169
169




139
199



49




2819

2739

3969

2919

4319

599

















479

429
289























479





479



















































0
0





299
439
339
349
349
339
349

169
350
400
400
400
400
400

169



399


439
489
339
339

339

339
339

309
309
519
519
519
399


439



439

439





189
419

339
459
439
459
319
319
339
409




189
121
339
121

189
121

189

121



299
339
379






99

































569
569
569








499


499

489
489
489

529
529
529











489
489
489

539
539
539
539
539
539
489
489
489


399








0











299
469
519
419













































































299
269
269









429





429









































599
639










449

569

699

749

869


919
729

899


379



539
449






389
469


549

99
99
599

649

629











729
729


799

789
789
799














































279

399
279
289
289
259
289

139
300
350
350
350
350
350

139



369

399
459
309
309

309


309
309
249
249
479
479
469
369

399




399


399





183
389

309
399
399
399
269
269
309
369




183
115
309
115

183
115

183

115



149


239

239
239

239
239











439








489



















369




369










































259






229









249

339
149
259
259
149
259

100

250
300
300
300
300
300

100



289

339

399
259
259

259


259
259


199
199
419
419
419
299

329

329







329








149
329









259
349
349
349
229
229
259
299




149
111
259
111

149
111

149

111



























0


















319
379

429


539





















799
869
739














































50
0
0

0






























0






699

869

729
899


369




































59
60






























60











50

179





399
469
299
449


499



199





































































































































1419






159


199

199



229




229
142
142
229

142


229

142

1429
699
939
999
2139
1079

699
719
769




769
769

799


769
799
769
769
769
799



1079
909




1539

1269
1199
1269
579
919

1519

1419
999
919

849
999
1069

679
819
1199
1249
1369
1399
1229

669
729
819

500
500
500
500

500
500
500
500
500
500
500
500
999
1049

1029





1299
1299


1319

1319
1319
1319


719

769


500


500
550
1379


1319

1259





1199
1369
1229
1399

699

719
769

759
859
739














0



500




499
599
479

389
389
389
389



















