

479
429













500








159
899

1429
1389






219


398

699


299

999


















939






























1629






2129

2819





























































3069
799
739
649




1079


























159




























449
719





869
1369
869
1369










469
699























































169




















99


649

919

1079

59
479















239









2743
199
























0

































319






239











339
379
919



169



789
1319
789
1319



499
759

500


319
379
500











169

169

169
169
169
169
169



169






239

239




159



































239






0





















309















819
1269
419
919




199
869
1269
339
579

1049
1539



989
1519
919
1419







449
679
389
669


469
729


439

719

159


139
499
789


199


500
319



559
819

499
789

















142
142
142
142







2919

599

999










1249

769
499

429
550

489
769

769
499

50


749
919
1419
649
1049

















239











319










179











699

1199
























299







569
569

569





529
529

529

539
539
539



489
489
489
539
539
539

489
489

489

499
499




489
489
489


















229

299



99



























































439
519

519





























369
500


0










































































121
121
121
121








4319

























199


299
309
339

439
399


349
439







519
339

439
479

339




339
189

439


479
339
339
339
189
489

339
349






399


439





459



419
409
339
309
189
189
169
169




519
339
459
519


439
349
519










































































50











599

999
699
1199
379


500




259












599



999









279

249
309

399

369


289
399








469
309

399
429

309




309
183

399


429
309
309
309
183
459

279
289






369


399





399




389


369
259
249
183
183
139
139



469
309
399
479


399
289
479





















115
115
115
115







569
819
549
819

























299



























40




















































0

0

179
799
479
























499
789


199



500
319







559
819
499
789




539








1200

1200









879
1379





799
1319
739
1259
169


389
389





500
500



















459


459
459






























































































0












449
719





399
500
299



500

599
859



469
699



























499
789
199

500



319






559
819
499
789




































289

399







111
111
111
111






249
199
259

349

289


259
329







419
259

339
369


259




259
149

329


259

259
259
149

149
259






299


329





349




329


299
149
199
149
149
100
100




419
259
349
419


369
339
259
419










389


299
299
269
269
389
389















1399
899
899
1399
389
389




500
500
479
739


729
1229
639
1069
60
729
1229
629


1029




0




















0
















































































399
849


729
1299
729
1299



























169
























3199


219






0


















99











229
229

229
229
199
199




500

