

553
513













500








259
1019

1319
1389






219


669

1019


299

1069


















999






























1819






2319

3219





























































3519
929
739
719




1189


























239




























539
819





899
1409
899
1419










559
819























































199




















129


719

1059

1189

79
619















239









3079
319
























0

































389






239











339
379
1038



169



959
1499
959
1499



519
769

569


359
419
679











219

219

219
219
219
219
219



219






219

239




259



































239






0




919
1479
919
1479













389















959
1389
499
1039




279
949
1299
379
500

1099
1639



1049
1519
929
1479







439
679
459
689


549
829


539

819

269


189
619
919


299


500
319



639
959

619
919

















143
143
143
143







3419

679

999










1299

869
589

469
729

589
869

869
589

79


759
949
1469
769
1119

















239











389










219











739

1259
























279







569
569

569





529
529

529

539
539
539



489
489
489
539
539
539

489
489

489

499
499




489
489
489


















299

299



129



























































539
689

689





























369
500


0










































































119
119
119
119








4319

























259


389
419
449

569
499


399
519







599
449

559
553

449




449
207

519


549
449
449
449
207
459

359
399






499


519

319



569



439
519
359
419
207
207
169
169




599
449
569
599


559
399
599










































































89











669

1049
739
1259
379


500




299












719



1049









359

349
389

519

449


379
479








569
389

519
513

389




389
183

479


479
389
389
389
183
439

329
379






449


479

269



519




429


449
319
349
183
183
139
139



569
389
519
569


519
379
569





















119
119
119
119







679
999
629
949




0




















299



























79




















































0

0

219
929
519
























619
919


299



500
319







639
959
619
919




699








1599

1599









919
1439





849
1319
739
1299
169


389
389





500
500



















529


529
529




























































































0

0












539
819





469
500
299



500

619
869



559
819



























619
919
299

500



319






639
959
619
919




































289

419







119
119
119
119






319
299
299

439

369


329
429







479
299

439
453


299




299
149

429


299

299
299
149

169
329






369


429

229



439




349


339
169
299
149
149
100
100




479
299
439
479


453
439
329
479










469


299
299
299
299
469
469















1459
939
939
1459
389
389




500
500
489
749


779
1269
759
1259
79
779
1269
739


1049




0




















0








































































0







399
899


919
1499
869
1499



























169
























4319


219






0


















129











236
236

236
236
199
199




500

