











1019
1389






299



669






219







































1819






















































3519

739








929
929
719










































559


539


589






























299

619



619

319





639








299

319

619
639


619


619

619


639






319









0


0

719



619

169

169
169
























1599

1599












389
259

259



319
























239

































199




















































219
519





529
529
529












469
469
469







0


219










389

389











539
539
689
689
















































959

279

949


379
499





1049
1099


929













299
299





























219
219

219
219
219
219
219
219




189
259



79




3219

3079

4319

3419

4319

679

















549

479
289























553





553



















































0
0





389
559
359
399
399
359
399

169







169



499


559
459
449
449

449

449
449

419
419
599
599
599
499


519



519

519





207
439

449
569
569
569
319

449
519




207
119
449
119

207
119

207

119



279
339
379






129

































569
569
569








499


499

489
489
489

529
529
529











489
489
489

539
539
539
539
539
539
489
489
489


399








0











299
569
599
479













































































299
299
299









513





513









































669
759










439

679

739

759

899


949
779

939


379











459
549


629

129
129
719

769

739











919
869


919

959
959
919














































359

519
329
379
379
319
379

139







139



449

519
439
389
389

389


389
389
349
349
569
569
569
449

479




479


479





183
429

389
519
519
519
269

389
449




183
119
389
119

183
119

183

119



269


239

239
219

239
239











539








589



















453




453










































299






299









319

439
169
329
329
169
329

100








100



369

439

419
299
299

299


299
299


299
299
479
479
479
369

429

429







429








149
349









299
439
439
439
229

299
339




149
119
299
119

149
119

149

119



























0


















359
419

469


699





















849
919
739














































89
0
0

0






























0






739

899

779
939


369




































79































79











79

219





469
559
299
539


589



299





































































































































1469






239


199

199



236




236
143
143
236

143


236

143

1319
1019
999
1069
2319
1189

819
819
869




919
919

959


919
959
919
919
919
959



1189
1059




1639

1389

1299
500
1039

1519

1479
999
1038

899
1049
1259

679
999
1259
1299
1419
1459
1269

689
829
949

500
500
500
500

500
500
500
500
500
500
500
500
1049
1119

1049





1499
1499


1479

1499
1499
1479


819
829
869


569


679
729
1439


1319

1299





1259
1409
1269
1459

819

819
869

769
869
749














0



500




519
619
489

389
389
389
389



















